1,3,1,1,3,0.766666667,0.633333333,2,4,0.50,0.50,1,0.25,0.00,1,0,3
1,3,1,0,5,0.923076923,0.1995338,4,11,0.31,0.77,1,0.08,3.00,0,0,4
2,3,1,0,2,0.714285714,0.406593407,4,13,0.08,1.00,1,0.08,2.00,1,0,2
2,4,1,1,4,0.449175824,0.449175824,4,4,0.50,0.50,1,0.17,2.00,1,0,3
2,4,2,1,10,0.382954545,0.382954545,5,5,0.60,0.60,5,1.00,2.00,1,0,6.5
2,4,2,1,10,0.332954545,0.332954545,5,5,0.40,0.40,5,1.00,2.00,1,0,6.5
2,4,2,1,9,0.282954545,0.282954545,5,5,0.20,0.20,5,1.00,2.00,1,0,6
2,4,2,1,9,0.432954545,0.332954545,5,5,0.40,0.80,5,1.00,2.00,1,0,6
2,4,2,1,10,0.482954545,0.282954545,5,5,0.20,1.00,5,1.00,2.00,1,0,6.5
1,4,1,1,8,0.529861111,0.284027778,3,10,0.38,0.38,3,0.38,0.67,1,0,5
1,4,1,1,11,0.498611111,0.252777778,3,10,0.25,0.25,3,0.38,0.67,1,0,6.5
1,4,1,1,3,0.467361111,0.221527778,3,10,0.13,0.13,3,0.38,0.67,1,0,2.5
1,4,1,1,8,0.459861111,0.284027778,3,10,0.38,0.38,3,0.38,0.67,1,3,5
1,4,1,1,4,0.48611111,0.252777778,3,10,0.25,0.25,3,0.38,0.67,1,0,2.5
1,4,1,1,5,0.467361111,0.231527778,3,10,0.13,0.13,3,0.38,0.67,1,0,2.5
2,4,1,0,5,0.540151515,0.46469697,8,8,0.55,0.73,2,0.18,3.00,0,0,5
2,4,1,0,5,0.517424242,0.471969697,8,8,0.45,0.64,2,0.18,3.00,0,0,5
2,3,1,0,3,0.24537037,0.24537037,12,12,0.38,0.38,6,0.19,2.00,0,0,3
2,3,2,0,1,0.711640212,0.373015873,3,7,0.29,0.86,1,0.14,1.00,1,0,1
2,4,2,0,3,0.934210526,0.414661654,6,14,1.00,1.00,1,1.00,1.00,0,0,3
2,4,1,0,2,0.702380952,0.307539683,4,6,0.14,0.14,4,0.57,3.00,0,0,2
2,4,1,0,3,0.80952381,0.41468254,4,6,0.57,0.57,4,0.57,3.00,0,0,3
2,4,1,0,2,0.773809524,0.378968254,4,6,0.43,0.43,4,0.57,3.00,0,0,2
2,4,1,0,2,0.738095238,0.343253968,4,6,0.29,0.29,4,0.57,3.00,0,0,2
1,5,1,2,5,0.830952381,0.314880952,14,29,0.33,1.00,1,0.33,0.50,1,0,3
1,5,1,2,9,0.697619048,0.314880952,14,29,0.33,0.33,3,1.50,0.50,1,0,4
1,5,1,2,2,0.497261905,0.497261905,14,29,0.33,0.33,1,0.33,0.25,1,0,2
2,3,1,0,2,0.7,0.17037037,2,9,0.20,0.90,1,0.10,1.00,1,0,2
2,3,1,0,2,0.297619048,0.226190476,6,9,0.17,0.17,3,0.17,1.00,1,0,2
2,3,1,0,3,0.260582011,0.189153439,6,9,0.06,0.06,3,0.17,1.00,1,0,3
2,3,1,0,3,0.279100529,0.207671958,6,9,0.11,0.11,3,0.17,1.00,1,0,3
2,3,2,0,10,0.51984127,0.228174603,10,10,0.48,0.48,1,0.05,2.00,1,0,10
1,3,1,0,1,0.462962963,0.407407407,4,4,0.50,0.50,1,0.13,1.00,1,0,1
2,3,1,0,2,0.398148148,0.314814815,2,3,0.11,0.11,1,0.11,1.00,1,0,2
1,2,1,0,26,0.270833333,0.270833333,3,3,0.17,0.17,1,0.17,1.00,1,0,2
2,3,2,0,5,0.422222222,0.155555556,1,5,0.10,0.10,1,0.10,1.00,1,0,5
2,3,1,0,4,0.753968254,0.295634921,5,20,0.21,0.83,2,0.08,1.00,1,0,4
2,3,1,0,3,0.767857143,0.281746032,4,21,0.17,0.88,2,0.08,1.00,1,0,3
2,3,2,0,1,0.87037037,0.555555556,3,7,0.33,0.83,1,0.17,1.00,1,0,1
2,4,1,0,1,0.570054945,0.377747253,5,12,0.50,0.50,6,1.00,1.00,0,0,1
2,4,1,0,2,0.653388278,0.336080586,5,12,0.33,0.83,6,1.00,1.00,0,0,2
2,4,1,0,2,0.695054945,0.294413919,5,12,0.17,1.00,6,1.00,1.00,0,0,2
2,4,1,0,1,0.611721612,0.377747253,5,12,0.50,0.67,6,1.00,1.00,0,0,1
2,4,1,0,2,0.486721612,0.294413919,5,12,0.17,0.17,6,1.00,1.00,0,0,2
2,4,1,0,2,0.528388278,0.336080586,5,12,0.33,0.33,6,1.00,1.00,0,0,2
2,4,1,0,5,0.722916667,0.421825397,4,7,0.60,0.60,3,0.60,1.00,0,0,5
2,4,1,0,3,0.672916667,0.371825397,4,7,0.40,0.40,3,0.60,1.00,0,0,3
2,4,1,0,3,0.622916667,0.321825397,4,7,0.20,0.20,3,0.60,1.00,0,0,3
2,3,2,0,1,0.703703704,0.388888889,3,7,0.33,0.83,1,0.17,1.00,1,0,1
1,5,1,2,2,0.497261905,0.497261905,14,29,0.33,0.33,1,0.33,0.25,1,0,2
1,5,1,2,5,0.830952381,0.314880952,14,29,0.33,1.00,1,0.33,0.50,1,0,2.666666667
1,5,1,2,9,0.697619048,0.314880952,14,29,0.33,0.33,3,1.50,0.50,1,0,4
1,5,1,2,2,0.497261905,0.497261905,14,29,0.33,0.33,1,0.33,0.25,1,0,2
1,5,1,2,9,0.697619048,0.424880952,14,29,0.33,0.33,3,1.50,0.20,1,0,3
1,5,1,2,2,0.497261905,0.437261905,14,29,0.33,0.33,1,0.33,0.25,1,0,4
1,4,1,0,13,0.719494048,0.194602273,14,29,0.09,1.00,8,0.73,1.00,0,0,13
1,4,1,0,14,0.723493821,0.184601373,14,29,0.09,1.00,6,0.73,1.00,0,0,14
1,4,1,0,15,0.729591342,0.174502374,14,29,0.09,1.00,6,0.73,1.00,0,0,8
1,4,1,0,15,0.729495012,0.124101246,14,29,0.09,1.00,6,0.73,1.00,0,0,10
1,7,1,2,26,0.519364564,0.349296537,14,29,0.50,0.50,7,0.88,0.50,0,0,11
1,7,1,2,27,0.55507885,0.331439394,14,29,0.38,0.75,7,0.88,0.50,0,0,11.33333333
1,7,1,2,26,0.590793135,0.295725108,14,29,0.13,1.00,7,0.88,0.50,0,0,11
1,7,1,2,26,0.501507421,0.331439394,14,29,0.38,0.38,7,0.88,0.50,0,0,11
1,7,1,2,26,0.537221707,0.349296537,14,29,0.50,0.63,7,0.88,0.50,0,0,11
1,7,1,2,26,0.483650278,0.313582251,14,29,0.25,0.25,7,0.88,0.50,0,0,11
1,7,1,2,26,0.572935993,0.313582251,14,29,0.25,0.88,7,0.88,0.50,0,0,11
1,8,1,3,26,0.532568994,0.32125947,14,29,0.50,1.00,1,0.50,0.43,0,0,8.5
1,4,1,0,6,0.583130411,0.285511364,14,29,0.45,0.45,8,0.73,1.00,0,0,6
1,4,1,1,2,0.667410714,0.328125,14,29,0.50,0.67,1,0.17,0.67,1,0,1.5
1,4,1,1,2,0.584077381,0.584077381,14,29,0.33,0.33,6,0.50,0.67,1,0,2
1,5,1,2,2,0.645238095,0.407142857,14,29,0.64,0.64,1.00,1.00,0.25,1,0,7
1,5,1,2,2,0.673809524,0.492857143,14,29,0.71,0.86,1.00,1.00,0.25,1,0,8
1,6,1,1,19,0.605925325,0.324179293,14,29,0.50,1.00,1,0.50,0.60,0,0,8.333333333
1,5,3,1,2,0.302083333,0.177083333,3,8,0.30,0.80,1,0.10,0.67,1,0,2
2,4,1,0,11,0.674039502,0.240056818,14,29,0.27,0.82,8,0.73,1.00,0,0,11
2,4,1,0,11,0.696766775,0.217329545,14,29,0.18,0.91,8,0.73,1.00,0,0,11
2,4,1,1,6,0.520833333,0.223214286,14,29,0.14,0.14,7,1.00,0.67,1,0,4.5
2,4,1,1,9,0.62797619,0.330357143,14,29,0.57,0.57,7,1.00,0.67,1,0,6
2,4,1,0,10,0.605857684,0.308238636,14,29,0.55,0.55,8,0.73,1.00,0,0,10
2,4,1,1,9,0.556547619,0.258928571,14,29,0.29,0.29,7,1.00,0.67,1,0,6
2,4,1,0,6,0.651312229,0.262784091,14,29,0.36,0.73,8,0.73,1.00,0,0,6
2,4,1,0,6,0.560403139,0.262784091,14,29,0.36,0.36,8,0.73,1.00,0,0,6
2,4,1,0,6,0.628584957,0.285511364,14,29,0.45,0.64,8,0.73,1.00,0,0,6
2,2,1,0,2,0.8,0.35,5,6,0.50,0.60,1,0.10,1.00,1,1,2
1,5,1,2,3,0.675596817,0.292838196,9,21,0.50,0.75,2,0.50,0.50,1,0,2
1,5,1,2,6,0.725596817,0.242838196,9,21,0.25,1.00,2,0.50,0.50,1,0,3.5
1,5,1,2,3,0.642263484,0.342838196,9,21,0.67,0.67,3,1.00,0.50,1,0,2.5
1,5,1,2,3,0.70893015,0.27617153,9,21,0.33,1.00,3,1.00,0.50,1,0,2.5
1,5,1,2,12,0.499406341,0.249981053,9,21,0.29,0.29,6,0.86,0.50,1,0,7.5
1,5,1,2,2,0.645238095,0.407142857,14,29,0.64,0.64,1.00,1.00,0.25,1,0,7
1,5,1,2,21,0.613692055,0.249981053,9,21,0.29,0.86,6,0.86,0.50,1,0,12
1,5,1,2,4,0.575596817,0.27617153,9,21,0.33,0.33,3,1.00,0.50,1,0,3
2,5,1,2,6,0.470834912,0.221409625,9,21,0.14,0.14,6,0.86,0.50,1,0,4.5
1,5,1,2,11,0.527977769,0.278552482,9,21,0.43,0.43,6,0.86,0.50,1,0,7
1,5,1,2,9,0.556549198,0.307123911,9,21,0.57,0.57,6,0.86,0.50,1,0,6
1,5,1,2,12,0.642263484,0.221409625,9,21,0.14,1.00,6,0.86,0.50,1,0,7.5
2,5,1,1,3,0.679047619,0.269047619,3,8,0.20,1.00,5,1.00,0.75,0,0,2.5
2,5,1,1,3,0.639047619,0.309047619,3,8,0.40,0.80,5,1.00,0.75,0,0,2.5
2,5,1,1,3,0.599047619,0.349047619,3,8,0.60,0.60,5,1.00,0.75,0,0,2.5
2,5,1,1,2,0.519047619,0.269047619,3,8,0.20,0.20,5,1.00,0.75,0,0,2
2,5,1,1,3,0.559047619,0.309047619,3,8,0.40,0.40,5,1.00,0.75,0,0,2.5
1,4,3,1,2,0.302083333,0.177083333,3,8,0.30,0.80,1,0.10,0.67,1,0,1
1,3,4,1,3,0.766666667,0.633333333,2,4,0.50,0.50,1,0.25,0.00,1,0,2
1,3,4,0,5,0.923076923,0.1995338,4,11,0.31,0.77,1,0.08,3.00,0,0,4
2,5,2,1,14,0.535964912,0.535964912,5,5,0.50,0.50,3,0.75,0.75,0,0,14
2,5,2,1,10,0.485964912,0.485964912,5,5,0.25,0.25,3,0.75,0.75,0,0,10
2,5,2,1,8,0.585964912,0.535964912,5,5,0.50,0.75,3,0.75,0.75,0,0,8
2,5,2,1,2,0.646491228,0.646491228,6,6,1.00,1.00,1,1.00,0.50,1,0,2
2,3,1,1,3,0.598484848,0.598484848,6,6,1.00,1.00,1,1.00,0.50,1,1,2.5
2,3,1,0,3,0.481481481,0.333333333,7,7,0.47,0.47,3,0.20,1.00,1,0,3
2,3,1,0,3,0.525925926,0.333333333,7,9,0.47,0.60,3,0.20,1.00,1,0,3
2,3,1,0,3,0.459259259,0.311111111,6,7,0.40,0.40,3,0.20,1.00,1,0,3
1,4,2,1,3,0.341666667,0.3,3,4,0.50,0.67,3,0.50,0.67,0,0,2
1,4,2,1,3,0.383333333,0.258333333,3,5,0.33,0.83,3,0.50,0.67,0,0,2
1,4,2,1,2,0.258333333,0.258333333,3,3,0.33,0.33,3,0.50,0.67,1,0,1.5
2,3,1,1,3,0.598484848,0.598484848,6,6,1.00,1.00,1,1.00,0.50,1,1,2.5
2,3,2,0,4,0.249206349,0.249206349,3,3,0.33,0.33,1,0.11,1.00,0,0,4
2,3,1,0,5,0.604761905,0.263492063,5,10,0.33,1.00,3,1.00,1.00,0,1,5
2,3,1,0,3,0.493650794,0.374603175,5,10,0.67,0.67,3,1.00,1.00,0,1,3
2,3,1,0,3,0.382539683,0.263492063,5,10,0.33,0.33,3,1.00,1.00,0,1,3
2,4,2,1,2,0.549603175,0.327380952,5,9,0.50,0.50,2,1.00,0.67,0,0,2
2,4,2,1,3,0.674603175,0.327380952,5,9,0.50,1.00,2,1.00,0.67,0,0,3
2,3,1,0,3,0.544444444,0.322222222,6,10,0.40,0.67,2,0.13,1.00,0,0,3
2,3,1,0,2,0.522222222,0.344444444,7,9,0.47,0.60,2,0.13,1.00,0,0,2
1,4,1,1,4,0.589285714,0.346428571,8,8,0.29,0.86,2,0.29,0.67,0,0,3
1,4,1,1,5,0.625,0.310714286,8,8,0.14,1.00,2,0.29,0.67,0,0,3.5
1,6,1,2,5,0.830952381,0.314880952,14,29,0.33,1.00,1,0.33,0.50,1,0,4
1,6,1,2,9,0.697619048,0.314880952,14,29,0.33,0.33,3,1.50,0.50,1,0,5
1,6,1,2,2,0.497261905,0.497261905,14,29,0.33,0.33,1,0.33,0.25,1,0,3
2,3,2,0,2,0.525,0.316666667,6,7,0.20,0.20,1,0.20,1.00,0,1,2
2,3,2,0,3,0.623809524,0.322222222,7,8,0.50,0.57,2,0.14,1.00,1,0,3
2,3,2,0,16,0.480952381,0.203174603,3,6,0.14,0.14,2,0.14,1.00,1,0,5
1,5,2,2,2,0.625098039,0.545098039,5,11,1.00,1.00,1,1.00,0.25,1,1,1
2,3,2,0,2,0.608058608,0.316391941,7,8,0.54,0.54,4,0.31,1.00,0,0,2
2,3,2,0,2,0.556776557,0.26510989,5,8,0.38,0.38,4,0.31,1.00,0,0,2
2,3,2,0,2,0.633699634,0.290750916,6,8,0.46,0.62,4,0.31,1.00,0,0,2
2,3,2,0,2,0.582417582,0.290750916,6,8,0.46,0.46,4,0.31,1.00,0,0,2
1,4,2,0,2,0.665674603,0.356150794,2,8,0.22,0.89,9,1.00,1.00,0,0,2
1,4,2,0,6,0.58234127,0.439484127,5,6,0.56,0.56,9,1.00,1.00,0,0,6
1,4,2,0,5,0.693452381,0.328373016,2,9,0.11,1.00,9,1.00,1.00,0,0,5
1,4,2,0,3,0.499007937,0.356150794,2,6,0.22,0.22,9,1.00,1.00,0,0,3
1,4,2,0,3,0.471230159,0.328373016,2,6,0.11,0.11,9,1.00,1.00,0,0,3
1,4,2,0,7,0.637896825,0.383928571,3,7,0.33,0.78,9,1.00,1.00,0,0,7
1,4,2,0,8,0.610119048,0.411706349,4,6,0.44,0.67,9,1.00,1.00,0,0,8
1,4,2,0,4,0.526785714,0.383928571,3,6,0.33,0.33,9,1.00,1.00,0,0,4
1,4,2,0,3,0.554563492,0.411706349,4,6,0.44,0.44,9,1.00,1.00,0,0,3
2,4,1,1,7,0.785714286,0.404761905,1,6,1.00,1.00,1,1.00,0.67,1,0,6
2,4,2,1,4,0.570833333,0.433333333,4,7,0.50,0.75,2,0.50,0.67,1,0,2.5
2,4,2,1,4,0.633333333,0.370833333,4,7,0.25,1.00,2,0.50,0.67,1,0,2.5
1,3,1,0,2,0.877777778,0.277777778,3,8,0.30,0.80,1,0.10,1.00,1,0,2
2,4,2,1,4,0.533333333,0.408333333,3,5,0.60,0.60,1,0.20,0.67,1,0,2
2,3,1,0,2,0.595238095,0.204365079,6,24,0.43,0.64,2,0.14,1.00,1,0,2
2,3,1,0,2,0.476190476,0.156746032,4,24,0.29,0.29,2,0.14,1.00,1,0,2
2,4,2,0,2,0.938888889,0.29537037,3,9,0.33,1.00,2,0.67,1.00,0,0,2
2,4,2,0,3,0.716666667,0.29537037,3,9,0.33,0.33,2,0.67,1.00,0,0,3
2,4,1,0,3,0.666666667,0.227380952,5,10,0.25,0.25,3,0.75,1.00,0,0,3
2,3,1,0,3,0.531857032,0.243978244,4,21,0.31,0.31,1,0.08,1.00,1,0,3
2,3,1,0,2,0.361904762,0.361904762,4,4,0.29,0.07,1,0.07,1.00,1,0,2
2,4,2,0,3,0.626428571,0.295659341,8,18,0.32,0.72,4,0.16,1.00,0,0,3
2,4,2,0,3,0.596428571,0.325659341,11,15,0.44,0.60,4,0.16,1.00,1,0,3
2,4,2,0,5,0.616428571,0.305659341,9,17,0.36,0.68,4,0.16,1.00,0,0,5
2,4,2,0,2,0.636428571,0.285659341,7,19,0.28,0.76,4,0.16,1.00,0,0,2
2,4,1,1,3,0.604166667,0.3375,4,10,0.50,0.50,2,0.25,0.67,1,0,2
2,4,1,1,3,0.635416667,0.3375,4,10,0.50,0.63,2,0.25,0.67,1,0,2
1,3,2,0,4,0.5,0.215277778,2,9,0.50,0.75,1,0.25,1.00,1,0,4
2,3,1,0,2,0.380952381,0.214285714,3,8,0.20,0.20,1,0.20,1.00,1,0,2
1,3,2,0,4,0.595238095,0.30952381,2,7,0.29,0.29,1,0.14,1.00,1,0,4
2,3,1,0,2,0.634920635,0.310846561,5,6,0.24,0.24,5,0.24,1.00,1,0,2
2,3,1,0,1,0.587301587,0.263227513,4,6,0.10,0.10,5,0.24,1.00,1,0,1
2,3,1,0,5,0.714285714,0.39021164,10,10,0.48,0.48,5,0.24,1.00,0,0,5
2,3,1,0,6,0.746031746,0.39021164,10,12,0.48,0.57,5,0.24,1.00,0,0,6
2,3,1,0,5,0.73015873,0.406084656,11,11,0.52,0.52,5,0.24,1.00,0,0,5
1,4,2,1,2,0.475,0.260714286,6,7,0.67,0.40,1,0.07,0.67,1,0,1
1,4,2,1,2,0.413,0.270124234,6,7,0.67,0.40,1,0.07,0.67,1,0,2
1,4,2,1,2,0.423,0.270734324,6,7,0.40,0.48,1,0.07,0.67,1,0,3
1,4,2,1,2,0.476,0.360454154,6,7,0.40,0.48,1,0.07,0.67,1,0,4
2,4,2,1,3,0.458333333,0.291666667,5,5,0.28,0.28,4,0.22,2.00,0,0,2.5
2,4,2,1,3,0.472222222,0.305555556,6,6,0.33,0.33,4,0.22,2.00,0,0,2.5
2,4,2,1,4,0.5,0.333333333,8,8,0.44,0.44,4,0.22,2.00,0,0,3
2,4,2,1,4,0.486111111,0.319444444,7,7,0.39,0.39,4,0.22,2.00,0,0,3
2,3,1,0,6,0.454166667,0.276388889,4,12,0.19,0.19,2,0.13,1.00,0,0,6
2,3,1,0,6,0.433333333,0.255555556,4,12,0.13,0.13,2,0.13,1.00,0,0,6
2,4,1,0,7,0.521103896,0.224675325,5,5,0.43,0.71,6,0.86,1.00,0,0,7
2,4,1,0,11,0.592532468,0.153246753,5,7,0.14,1.00,6,0.86,1.00,0,0,11
2,4,1,0,2,0.378246753,0.153246753,5,5,0.14,0.14,6,0.86,1.00,0,0,2
2,4,1,0,11,0.556818182,0.188961039,5,6,0.29,0.86,6,0.86,1.00,0,0,11
2,4,1,0,2,0.48538961,0.26038961,5,5,0.57,0.57,6,0.86,1.00,0,0,2
2,4,1,0,2,0.449675325,0.224675325,5,5,0.43,0.43,6,0.86,1.00,0,0,2
2,3,1,0,2,0.396103896,0.096103896,1,10,0.05,0.05,1,0.05,1.00,1,0,2
2,4,1,0,1,0.4625,0.420833333,7,7,0.50,0.50,5,0.36,1.00,0,0,1
1,4,2,0,14,0.5350877,0.7434211,8,8,0.736842,0.736842,1,1,0.33333,1,1,10
1,4,1,2,5,0.3640873,0.5863095,5,5,0.428571,0.428571,4,0.571429,0.5,1,1,13
1,4,1,2,4,0.3998016,0.6220238,5,5,0.571429,0.571429,4,0.571429,0.5,1,1,12
1,4,1,2,9,0.3640873,0.6577381,5,6,0.428571,0.714286,4,0.571429,0.5,1,1,9
1,4,1,2,11,0.328373,0.6934524,5,7,0.285714,0.857143,4,0.571429,0.5,1,1,8
1,3,2,0,7,0.2852002,0.5074224,7,13,0.368421,0.368421,2,0.105263,0.66666,0,0,6
1,4,2,0,5,0.246078431,0.546078431,2,2,0.22549,0.22549,2,0.666666667,0.5,0,0,11.5
1,4,2,0,6,0.329411765,0.629411765,2,2,0.392157,0.392157,2,0.666666667,0.5,0,0,4
1,4,2,0,2,0.458333333,0.833333333,1,1,1,1,2,1,0.5,0,0,13
1,3,2,0,4,0.2416667,0.8,5,5,0.4,0.4,1,0.1,0.666666667,0,0,5
2,4,1,0,1,0.480357143,0.420833333,7,8,0.50,0.57,5,0.36,1.00,0,0,1
2,4,1,0,1,0.373214286,0.331547619,3,4,0.14,0.14,5,0.36,1.00,0,0,1
2,4,1,0,2,0.391071429,0.349404762,3,4,0.21,0.21,5,0.36,1.00,0,0,2
2,4,1,0,1,0.355357143,0.313690476,3,4,0.07,0.07,5,0.36,1.00,0,0,1
2,2,1,0,4,0.928571429,0.242857143,2,6,0.29,0.86,1,0.14,1.00,1,0,4
2,4,1,0,2,0.695710784,0.364828431,7,16,0.50,1.00,2,1.00,1.00,0,0,2
2,4,1,0,3,0.570710784,0.364828431,7,16,0.50,0.50,2,1.00,1.00,0,0,3
2,3,1,0,3,0.466666667,0.233333333,8,8,0.33,0.33,6,0.25,1.00,0,0,3
2,3,1,0,4,0.494444444,0.261111111,10,10,0.42,0.42,6,0.25,1.00,0,0,3
2,3,1,0,3,0.522222222,0.288888889,12,12,0.50,0.50,6,0.25,1.00,0,0,3
2,3,1,0,5,0.508333333,0.275,11,11,0.46,0.46,6,0.25,1.00,0,0,4
2,3,1,0,3,0.480555556,0.247222222,9,9,0.38,0.38,6,0.25,1.00,0,0,5
2,3,1,0,3,0.452777778,0.219444444,7,7,0.29,0.29,6,0.25,1.00,0,0,3
1,7,1,2,26,0.529364564,0.349296537,14,29,0.50,0.50,8,0.88,0.50,0,0,9
1,7,1,2,27,0.55507885,0.331439394,14,29,0.38,0.75,8,0.88,0.50,0,0,11.33333333
1,7,1,2,26,0.591793135,0.295725108,14,29,0.13,1.00,8,0.88,0.50,0,0,8
1,7,1,2,26,0.571507421,0.331439394,14,29,0.38,0.38,8,0.88,0.50,0,0,13
1,7,1,2,26,0.437221707,0.349296537,14,29,0.50,0.63,8,0.88,0.50,0,0,12
1,4,2,0,14,0.450186741,0.321020075,8,12,0.08,1.00,13,1.00,1.00,0,0,14
1,4,2,0,33,0.549353408,0.341853408,8,11,0.17,0.92,14,1.00,1.00,0,0,33
1,4,2,0,2,0.466853408,0.404353408,8,8,0.42,0.67,12,1.00,1.00,0,0,2
1,4,2,0,16,0.362686741,0.362686741,8,8,0.25,0.25,12,1.00,1.00,0,0,16
1,4,2,0,12,0.383520075,0.383520075,8,8,0.33,0.33,12,1.00,1.00,0,0,12
1,4,2,0,7,0.341853408,0.341853408,8,8,0.17,0.17,12,1.00,1.00,0,0,7
1,4,2,0,11,0.321020075,0.321020075,8,8,0.08,0.08,12,1.00,1.00,0,0,11
1,4,2,0,20,0.446020075,0.425186741,8,8,0.50,0.58,12,1.00,1.00,0,0,20
1,4,2,0,10,0.425186741,0.425186741,8,8,0.50,0.50,12,1.00,1.00,0,0,10
1,4,2,0,21,0.404353408,0.404353408,8,8,0.42,0.42,12,1.00,1.00,0,0,21
1,4,2,0,8,0.508520075,0.362686741,8,10,0.25,0.83,12,1.00,1.00,0,0,8
1,4,2,0,8,0.487686741,0.383520075,8,9,0.33,0.75,12,1.00,1.00,0,0,8
1,4,1,1,12,0.542572464,0.39673913,6,7,0.67,0.67,2,0.67,0.67,1,0,7
1,4,1,1,2,0.45923913,0.313405797,6,7,0.33,0.33,2,0.67,0.67,1,0,2
2,3,1,0,2,0.4,0.7,3,8,0.40,0.80,1,0.20,0.67,0,0,2
2,3,2,0,4,0.319444444,0.319444444,9,9,0.33,0.33,1,0.04,1.00,1,0,4
1,4,2,1,1,0.40625,0.20625,3,5,0.38,0.38,1,0.13,0.67,1,0,1
1,3,1,1,1,0.336940837,0.336940837,4,4,0.17,0.17,1,0.17,0.50,1,0,1
2,3,2,0,2,0.748148148,0.323148148,4,8,0.13,1.00,1,0.13,1.00,1,0,2
2,4,2,1,1,0.561111111,0.398611111,4,4,0.33,1.00,2,0.67,0.67,1,0,1
2,4,2,1,1,0.498611111,0.398611111,4,4,0.67,0.67,2,0.67,0.67,1,0,1
2,4,1,0,8,0.484217172,0.30239899,5,10,0.42,0.42,6,0.50,1.00,0,0,8
2,4,1,0,8,0.505050505,0.323232323,6,10,0.50,0.50,6,0.50,1.00,0,0,8
2,4,1,1,1,0.616161616,0.267676768,2,10,0.50,0.50,1,0.50,0.67,1,1,2
2,4,1,0,3,0.400883838,0.219065657,4,10,0.08,0.08,6,0.50,1.00,0,0,3
2,4,1,0,4,0.421717172,0.23989899,4,10,0.17,0.17,6,0.50,1.00,0,0,4
2,4,1,0,3,0.442550505,0.260732323,4,10,0.25,0.25,6,0.50,1.00,0,0,3
2,4,1,0,6,0.463383838,0.281565657,4,10,0.33,0.33,6,0.50,1.00,0,0,6
1,4,1,1,5,0.524519231,0.232211538,2,12,0.40,0.80,2,0.40,0.67,0,0,3
1,4,1,1,2,0.374519231,0.182211538,2,12,0.20,0.20,2,0.40,0.67,1,0,1.5
1,2,1,1,1,0.548076923,0.240384615,3,11,0.23,0.85,1,0.08,1.00,1,1,1
1,4,2,1,10,0.383658009,0.258658009,6,6,0.43,0.43,4,0.29,0.67,0,0,5.5
1,4,2,1,2,0.401515152,0.276515152,7,7,0.50,0.50,4,0.29,0.67,0,0,1.5
1,4,2,1,3,0.365800866,0.240800866,5,5,0.36,0.36,4,0.29,0.67,0,0,2
1,4,2,1,3,0.419372294,0.276515152,7,8,0.50,0.57,4,0.29,0.67,0,0,2
2,4,1,0,6,0.447077922,0.247077922,6,14,0.14,0.14,14,0.93,1.00,0,0,6
2,4,1,0,11,0.536363636,0.336363636,7,14,0.50,0.50,14,0.70,1.00,0,0,11
2,4,1,0,9,0.429220779,0.229220779,6,14,0.07,0.07,14,1.00,1.00,0,0,9
2,4,1,0,7,0.464935065,0.264935065,6,14,0.21,0.21,14,0.88,1.00,0,0,7
1,4,2,1,6,0.391687552,0.312740184,7,13,0.57,0.57,2,0.29,0.67,1,0,4
1,4,2,1,6,0.427401838,0.312740184,7,13,0.57,0.71,2,0.29,0.67,1,0,4
2,3,1,0,3,0.563405797,0.231389987,11,13,0.48,0.57,3,0.13,1.00,0,0,3
2,3,1,0,3,0.53442029,0.231389987,11,11,0.48,0.48,3,0.13,1.00,0,0,3
2,3,1,0,2,0.548913043,0.24588274,12,12,0.52,0.52,3,0.13,1.00,0,0,2
2,4,2,0,2,0.766071429,0.400892857,3,6,0.20,1.00,5,1.00,0.67,0,0,2
2,4,2,0,4,0.566071429,0.400892857,3,6,0.20,0.20,5,1.00,0.67,0,0,4
2,4,2,0,2,0.716071429,0.450892857,3,6,0.40,0.80,5,1.00,0.67,0,0,2
2,4,2,0,2,0.666071429,0.500892857,3,6,0.60,0.60,5,1.00,0.67,0,0,2
2,4,2,0,2,0.616071429,0.450892857,3,6,0.40,0.40,5,1.00,0.67,0,0,2
2,4,1,0,1,0.381060606,0.306060606,4,7,0.33,0.33,3,1.00,1.00,0,0,1
2,4,1,0,2,0.547727273,0.306060606,4,7,0.33,1.00,3,1.00,1.00,0,0,2
2,4,1,0,2,0.464393939,0.389393939,4,7,0.67,0.67,3,1.00,1.00,0,0,2
2,3,1,0,2,0.6,0.297222222,4,12,0.27,0.80,1,0.07,1.00,1,0,2
1,2,0,0,1,0.552287582,0.199346405,4,15,0.22,0.22,1,0.06,1.00,0,0,1
1,3,2,0,9,0.2449495,0.4671717,7,7,0.333333,1,1,0.333333,0.33333,1,1,7
1,4,2,0,12,0.1460363,0.5768398,1,16,0.333333,0.333333,3,1,0.5,0,0,13
1,4,2,0,13,0.2293696,0.6601732,2,16,0.666667,0.666667,3,1,0.5,0,0,14
2,4,1,0,3,0.700416667,0.224166667,2,24,0.40,0.80,5,1.00,1.00,0,0,3
2,4,1,0,2,0.600416667,0.224166667,2,24,0.40,0.40,5,1.00,1.00,0,0,2
2,4,1,0,4,0.650416667,0.274166667,3,24,0.60,0.60,5,1.00,1.00,0,0,4
2,4,1,0,2,0.550416667,0.174166667,2,24,0.20,0.20,5,1.00,1.00,0,0,2
2,4,1,0,6,0.750416667,0.174166667,2,24,0.20,1.00,5,1.00,1.00,0,0,6
2,3,2,0,3,0.656565657,0.2996633,5,9,0.33,0.33,1,0.17,1.00,1,0,3
2,3,1,0,3,0.555555556,0.333333333,6,10,0.40,0.67,2,0.13,1.00,0,0,3
2,3,1,0,2,0.533333333,0.355555556,7,9,0.47,0.60,2,0.13,1.00,0,0,2
1,4,3,0,10,0.2125,0.3375,2,5,0.333333,0.833333,5,0.833333333,0.75,0,0,8
1,4,3,0,4,0.170833333,0.379166667,1,6,0.166667,1,5,0.833333333,0.75,0,0,5
1,4,2,0,4,0.559659091,0.345373377,4,7,0.36,0.36,10,0.91,1.00,0,0,4
1,4,2,0,6,0.582386364,0.368100649,5,7,0.45,0.45,10,0.91,1.00,0,0,6
1,4,2,0,2,0.696022727,0.299918831,2,10,0.18,0.91,10,0.91,1.00,0,0,2
1,4,2,0,2,0.650568182,0.345373377,4,8,0.36,0.73,10,0.91,1.00,0,0,2
1,4,2,0,2,0.514204545,0.299918831,3,7,0.18,0.18,10,0.91,1.00,0,0,2
1,4,2,0,2,0.536931818,0.322646104,3,7,0.27,0.27,10,0.91,1.00,0,0,2
1,4,2,0,4,0.491477273,0.277191558,3,7,0.09,0.09,10,0.91,1.00,0,0,4
1,4,2,0,2,0.605113636,0.390827922,6,7,0.55,0.55,10,0.91,1.00,0,0,2
1,4,2,0,2,0.673295455,0.322646104,3,9,0.27,0.82,10,0.91,1.00,0,0,2
1,4,2,0,3,0.627840909,0.368100649,5,7,0.45,0.64,10,0.91,1.00,0,0,3
1,4,1,2,5,0.7,0.302777778,2,9,0.11,1.00,2,0.22,0.33,1,0,3
1,4,1,2,3,0.672222222,0.330555556,2,9,0.22,0.89,2,0.22,0.33,1,0,2
1,4,2,1,10,0.383658009,0.258658009,6,6,0.43,0.43,4,0.29,0.67,0,0,5.5
1,4,2,1,2,0.401515152,0.276515152,7,7,0.50,0.50,4,0.29,0.67,0,0,1.5
1,4,2,1,3,0.365800866,0.240800866,5,5,0.36,0.36,4,0.29,0.67,0,0,2
1,4,2,1,3,0.419372294,0.276515152,7,8,0.50,0.57,4,0.29,0.67,0,0,2
