1,3,2,0,13,0.3206349,0.415873,4,4,0.266667,0.266667,1,0.233333,0.33333,1,1,12
2,3,2,0,4,0.2416667,0.7,6,6,0.266667,0.266667,1,0.066667,0.66666,0,0,4
2,4,2,0,10,0.314294258,0.359748804,4,8,0.25,0.25,3,0.75,0.75,0,0,10
2,4,2,0,10,0.376794258,0.422248804,4,8,0.5,0.5,3,0.75,0.75,0,0,10
1,5,2,0,6,0.314294258,0.547248804,4,8,0.25,1,3,0.75,0.6,0,0,6
1,5,1,2,3,0.675596817,0.292838196,7,22,0.50,0.75,2,0.50,0.50,1,0,2
1,5,1,2,6,0.725596817,0.242838196,7,22,0.25,1.00,2,0.50,0.50,1,0,4
1,5,1,2,3,0.642263484,0.342838196,7,22,0.67,0.67,3,1.00,0.50,1,0,3
1,5,1,2,3,0.70893015,0.27617153,7,22,0.33,1.00,3,1.00,0.50,1,0,3
1,5,1,2,12,0.499406341,0.249981053,9,21,0.29,0.29,6,0.86,0.50,1,0,6.5
2,4,2,0,25,0.212353801,0.399853801,3,3,0.333333,0.333333,4,1,0.75,0,0,25
2,4,2,0,24,0.295687135,0.483187135,3,3,0.666667,0.666667,4,1,0.75,0,0,24
2,4,2,0,23,0.212353801,0.566520468,3,3,0.333333,1,4,1,0.75,0,0,23
2,4,1,0,10,0.312121212,0.645454545,3,8,0.366667,0.7,1,1,0.5,0,0,7
2,4,2,0,24,0.263392857,0.525297619,6,11,0.428571,0.642857,11,0.642857,0.75,0,0,24
2,4,2,0,27,0.28125,0.507440476,7,10,0.5,0.571429,11,0.642857,0.75,0,0,27
2,4,2,0,32,0.28125,0.489583333,8,9,0.5,0.5,11,0.642857,0.75,0,0,32
2,4,2,0,31,0.263392857,0.47172619,8,8,0.428571,0.428571,11,0.642857,0.75,0,0,31
2,4,2,0,25,0.245535714,0.453869048,7,7,0.357143,0.357143,11,0.642857,0.75,0,0,25
2,4,2,0,18,0.227678571,0.436011905,4,4,0.285714,0.285714,11,0.642857,0.75,0,0,18
2,4,2,0,23,0.209821429,0.418154762,3,3,0.214286,0.214286,11,0.642857,0.75,0,0,23
2,4,2,0,21,0.191964286,0.400297619,2,2,0.142857,0.142857,11,0.642857,0.75,0,0,21
2,4,2,0,26,0.174107143,0.382440476,1,1,0.071429,0.071429,11,0.642857,0.75,0,0,26
2,5,2,0,44,0.380555556,0.405555556,2,2,0.555556,0.555556,1,0.666667,0.6,0,0,35
2,5,2,0,20,0.269444444,0.427777778,2,2,0.277778,0.611111,1,0.333333,0.6,0,0,20.5
2,5,2,0,99,0.402777778,0.561111111,7,10,0.611111,0.944444,11,0.666667,0.6,0,0,63
2,4,1,0,8,0.203769841,0.618055556,2,2,0.25,0.25,3,0.75,0.75,0,0,8
2,4,1,0,6,0.266269841,0.680555556,2,2,0.5,0.5,3,0.75,0.75,0,0,6
2,4,1,0,6,0.266269841,0.743055556,3,3,0.5,0.75,3,0.75,0.75,0,0,6
1,8,1,2,26,0.519364564,0.349296537,13,28,0.50,0.50,7,0.88,0.50,0,0,12
1,8,1,2,27,0.55507885,0.331439394,13,28,0.38,0.75,7,0.88,0.50,0,0,12
1,8,1,2,26,0.590793135,0.295725108,13,28,0.13,1.00,7,0.88,0.50,0,0,12
1,8,1,2,26,0.501507421,0.331439394,13,28,0.38,0.38,7,0.88,0.50,0,0,12
1,8,1,2,26,0.537221707,0.349296537,13,28,0.50,0.63,7,0.88,0.50,0,0,12
1,8,1,2,26,0.483650278,0.313582251,13,28,0.25,0.25,7,0.88,0.50,0,0,12
1,8,1,2,26,0.572935993,0.313582251,14,29,0.25,0.88,7,0.88,0.50,0,0,12
1,3,1,0,2,0.877777778,0.277777778,3,9,0.30,0.80,1,0.10,1.00,1,0,2
1,3,2,0,4,0.5,0.215277778,2,9,0.50,0.75,1,0.25,1.00,1,0,5
1,3,2,0,4,0.595238095,0.30952381,3,7,0.29,0.29,1,0.14,1.00,1,0,5
2,4,1,0,46,0.166964286,0.585714286,2,8,0.171429,0.171429,6,0.857142857,0.75,0,0,24
2,4,1,0,10,0.202678571,0.621428571,2,8,0.242857,0.242857,6,0.857142857,0.75,0,0,6
2,4,1,0,11,0.238392857,0.657142857,3,8,0.314286,0.314286,6,0.857142857,0.75,0,0,6.5
2,4,1,0,8,0.274107143,0.692857143,4,8,0.385714,0.385714,6,0.857142857,0.75,0,0,5
2,4,1,0,13,0.238392857,0.728571429,3,8,0.314286,0.457143,6,0.857142857,0.75,0,0,7.5
2,4,1,0,13,0.202678571,0.764285714,2,8,0.242857,0.528571,6,0.857142857,0.75,0,0,7.5
1,4,1,1,8,0.314583333,0.633333333,4,8,0.366667,0.366667,2,0.333333333,0.5,1,0,15.5
2,4,1,0,4,0.386363636,0.618506494,4,13,0.5,0.5,1,1,0.75,0,0,4
2,4,2,0,5,0.331980519,0.568722944,3,8,0.253247,0.435065,11,0.785714286,0.5,0,0,5.5
1,5,2,1,11,0.305584416,0.654978355,2,5,0.235498,0.623377,11,0.785714286,0.4,0,0,7.333333
1,5,2,1,6,0.326928953,0.516322893,4,4,0.271072,0.392284,7,0.333333333,0.4,0,0,6
1,5,2,1,6,0.338693659,0.528087599,6,6,0.29068,0.411892,7,0.333333333,0.4,0,0,6
1,5,2,1,4,0.373987777,0.586911128,10,10,0.349503,0.509931,2,0.5,0.4,0,0,5.333333
1,5,2,1,8,0.344155844,0.533549784,4,4,0.299784,0.420996,2,0.5,0.4,0,0,6
1,6,2,1,9,0.518939394,0.676767677,5,5,0.430736,0.551948,7,0.333333333,0.333333333,0,0,7
1,6,2,1,7,0.518939394,0.76010101,6,9,0.430736,0.718615,7,0.333333333,0.333333333,0,0,7
1,5,2,0,8,0.522727273,0.754978355,5,10,0.597403,0.790043,11,0.785714286,0.4,0,0,7.333333
1,4,2,0,9,0.385551948,0.711580087,5,10,0.36039,0.720779,11,0.785714286,0.5,0,0,7.5
1,4,2,0,11,0.349837662,0.747294372,3,12,0.288961,0.792208,11,0.785714286,0.5,0,0,8.5
1,4,2,0,8,0.367694805,0.729437229,4,11,0.324675,0.756494,11,0.785714286,0.5,0,0,7
1,4,2,0,14,0.421266234,0.675865801,7,8,0.431818,0.649351,11,0.785714286,0.5,0,0,10
2,4,1,1,6,0.2773321,0.4023321,4,5,0.333333,0.833333,2,0.333333,0.75,0,0,6
2,4,1,1,4,0.2356655,0.4439988,4,6,0.166667,1,2,0.333333,0.75,0,0,4
1,3,2,0,9,0.2449495,0.4671717,7,7,0.333333,1,1,0.333333,0.33333,1,1,9
1,4,2,0,12,0.1460363,0.5768398,1,16,0.333333,0.333333,3,1,0.5,0,0,12
1,4,2,0,13,0.2293696,0.6601732,2,16,0.666667,0.666667,3,1,0.5,0,0,13
1,4,2,0,11,0.1460363,0.7435065,3,16,0.333333,1,3,1,0.5,0,0,11
2,3,1,0,18,0.226851852,0.449074074,7,7,0.291667,0.291667,6,0.208333,0.666666667,0,0,18
2,3,1,0,21,0.240740741,0.462962963,8,8,0.333333,0.333333,6,0.208333,0.666666667,0,0,21
1,3,1,0,19,0.25462963,0.476851852,9,9,0.375,0.375,6,0.208333,0.666666667,0,0,19
2,3,1,0,27,0.268518519,0.490740741,10,10,0.416667,0.416667,6,0.208333,0.666666667,0,0,27
2,3,1,0,62,0.282407407,0.50462963,12,12,0.458333,0.458333,6,0.208333,0.666666667,0,0,62
2,3,1,0,10,0.242592593,0.814814815,2,16,0.444444,0.444444,1,0.333333,0.666666667,0,1,10
2,4,1,0,11,0.237261905,0.582261905,3,21,0.5,0.5,2,1,0.75,0,0,11
2,4,1,0,13,0.237261905,0.707261905,3,21,0.5,1,2,1,0.75,0,0,13
2,4,2,0,8,0.3377664,0.383220946,4,7,0.428571,0.428571,5,0.714285714,0.75,0,0,8
2,4,2,0,5,0.373480686,0.418935231,4,7,0.571429,0.571429,5,0.714285714,0.75,0,0,5
2,4,2,0,6,0.3377664,0.454649517,4,7,0.428571,0.714286,5,0.714285714,0.75,0,0,6
2,4,2,0,4,0.302052115,0.490363803,4,7,0.285714,0.857143,5,0.714285714,0.75,0,0,4
2,4,2,0,6,0.266337829,0.526078089,4,7,0.142857,1,5,0.714285714,0.75,0,0,6
2,4,1,0,11,0.336111111,0.516666667,4,12,0.337037,0.577778,4,0.8,0.75,0,0,5.666667
2,4,1,0,9,0.386111111,0.566666667,4,12,0.403704,0.644444,4,0.8,0.75,0,0,5
2,4,1,0,11,0.336111111,0.616666667,4,12,0.337037,0.711111,4,0.8,0.75,0,0,5.666667
2,4,1,0,10,0.286111111,0.666666667,4,12,0.27037,0.777778,4,0.8,0.75,0,0,5.333333
2,4,1,1,8,0.388888889,0.631944444,5,12,0.407407,0.731481,2,0.5,0.5,1,0,4.666667
2,4,1,0,29,0.426848371,0.489348371,5,6,1,1,1,1,0.75,0,0,29
2,4,1,0,7,0.216666667,0.416666667,2,2,0.333333,0.333333,3,0.75,0.75,0,0,7
2,4,1,0,9,0.216666667,0.416666667,2,2,0.333333,0.333333,3,0.75,0.75,0,0,9
1,4,3,1,2,0.302083333,0.177083333,3,8,0.30,0.80,1,0.10,0.67,1,0,1
1,4,2,1,3,0.341666667,0.3,3,4,0.50,0.67,3,0.50,0.67,0,0,2
1,4,2,1,3,0.383333333,0.258333333,3,6,0.33,0.83,3,0.50,0.67,0,0,2
1,4,2,1,2,0.258333333,0.258333333,3,4,0.33,0.33,3,0.50,0.67,1,0,2
1,4,1,1,4,0.589285714,0.346428571,8,9,0.29,0.86,2,0.29,0.67,0,0,4
1,4,1,1,5,0.625,0.310714286,8,8,0.14,1.00,2,0.29,0.67,0,0,4
1,5,2,1,11,0.162871573,0.27953824,2,8,0.2,0.2,5,1,0.2,0,1,11
1,5,2,1,8,0.202871573,0.31953824,2,8,0.4,0.4,5,1,0.2,0,1,8
1,5,2,1,8,0.242871573,0.35953824,2,8,0.6,0.6,5,1,0.2,0,1,8
1,5,2,1,8,0.202871573,0.39953824,2,8,0.4,0.8,5,1,0.2,0,1,8
1,5,2,1,9,0.162871573,0.43953824,2,8,0.2,1,5,1,0.2,0,1,9
2,4,2,1,7,0.242857143,0.314285714,2,2,0.142857,0.142857,6,0.857142857,0.5,0,0,7
2,4,2,1,8,0.278571429,0.35,2,2,0.285714,0.285714,6,0.857142857,0.5,0,0,8
2,4,2,1,8,0.314285714,0.385714286,2,3,0.428571,0.428571,6,0.857142857,0.5,0,0,8
2,4,2,1,14,0.35,0.421428571,2,4,0.571429,0.571429,6,0.857142857,0.5,0,0,14
1,4,2,1,9,0.314285714,0.457142857,2,5,0.428571,0.714286,6,0.857142857,0.5,0,0,9
2,4,2,1,10,0.278571429,0.492857143,2,6,0.285714,0.857143,6,0.857142857,0.5,0,0,10
1,4,2,1,6,0.336309524,0.523809524,4,6,0.4375,0.625,2,0.25,0.5,1,0,4
1,4,2,1,4,0.305059524,0.555059524,4,7,0.375,0.6875,2,0.25,0.5,1,0,3
2,5,1,0,30,0.41047619,0.577142857,3,3,0.5,0.5,6,1,0.6,0,0,30
1,5,1,2,2,0.645238095,0.407142857,13,25,0.64,0.64,1.00,1.00,0.25,1,0,8
1,5,1,2,2,0.673809524,0.492857143,13,25,0.71,0.86,1.00,1.00,0.25,1,0,7
1,6,1,1,19,0.605925325,0.324179293,13,25,0.50,1.00,1,0.50,0.60,0,0,8.333333333
1,5,1,0,41,0.41047619,0.61047619,3,4,0.5,0.666667,6,1,0.6,0,0,41
2,5,1,0,44,0.377142857,0.643809524,2,5,0.333333,0.833333,6,1,0.6,0,0,44
2,5,1,0,36,0.343809524,0.677142857,1,6,0.166667,1,6,1,0.6,0,0,36
1,4,1,1,4,0.199801587,0.694444444,4,8,0.416667,0.666667,4,0.363636364,0.75,0,0,4
1,4,1,1,7,0.158134921,0.736111111,3,9,0.25,0.833333,4,0.363636364,0.75,0,0,7
1,4,1,1,7,0.137301587,0.756944444,2,10,0.166667,0.916667,4,0.363636364,0.75,0,0,7
1,5,0,2,4,0.468888889,0.768333333,3,6,1,1,1,0.111111111,0.2,0,0,4
2,4,2,0,10,0.254166667,0.295833333,3,4,0.5,0.666667,5,0.833333333,0.75,0,0,10
1,4,2,0,10,0.2125,0.3375,2,5,0.333333,0.833333,5,0.833333333,0.75,0,0,10
1,4,2,0,4,0.170833333,0.379166667,1,6,0.166667,1,5,0.833333333,0.75,0,0,4
2,3,1,0,44,0.242063492,0.611111111,1,1,0.166667,0.166667,1,0.166666667,0.666666667,0,0,44
2,4,2,0,6,0.2136905,0.6458333,5,5,0.333333,0.333333,5,1,0.75,0,0,6
2,4,2,0,11,0.2553571,0.6875,5,5,0.5,0.5,5,1,0.75,0,0,11
2,4,2,0,10,0.2553571,0.7291667,5,5,0.5,0.666667,5,1,0.75,0,0,10
2,4,2,0,9,0.2136905,0.7708333,5,5,0.333333,0.833333,5,1,0.75,0,0,9
1,5,1,2,6,0.725596817,0.242838196,8,23,0.25,1.00,2,0.50,0.50,1,0,3
1,5,1,2,3,0.642263484,0.342838196,8,23,0.67,0.67,3,1.00,0.50,1,0,3
1,5,1,2,3,0.70893015,0.27617153,8,23,0.33,1.00,3,1.00,0.50,1,0,3.5
1,5,1,2,12,0.499406341,0.249981053,8,23,0.29,0.29,6,0.86,0.50,1,0,8.5
1,5,1,2,2,0.645238095,0.407142857,14,29,0.64,0.64,1.00,1.00,0.25,1,0,7
2,4,2,0,12,0.1720238,0.8125,5,6,0.166667,1,5,1,0.75,0,0,12
2,4,1,1,15,0.398214286,0.8125,2,7,1,1,1,1,0.5,0,0,15
2,3,1,1,7,0.3126984,0.5793651,3,5,0.2,1,1,0.2,0.33333,0,0,7
1,4,2,1,8,0.219264069,0.724025974,2,2,0.174242,0.590909,1,0.166666667,0.5,0,0,6
2,4,2,1,19,0.283658009,0.70508658,2,3,0.30303,0.55303,2,0.5,0.5,0,0,12
2,4,2,1,22,0.241991342,0.746753247,2,4,0.219697,0.636364,2,0.5,0.5,0,0,13.5
2,4,2,1,17,0.330194805,0.698051948,3,5,0.396104,0.538961,1,0.142857143,0.5,0,0,10.5
2,4,1,0,7,0.4444444,0.6527778,3,8,0.75,0.75,3,0.75,0.75,0,0,5.5
2,4,1,0,27,0.2777778,0.4861111,3,8,0.333333,0.333333,3,0.75,0.75,0,0,27
2,4,1,0,44,0.3611111,0.5694444,3,8,0.666667,0.666667,3,0.75,0.75,0,0,44
1,4,2,0,12,0.216666667,0.745833333,5,11,0.333333,0.733333,1,0.066666667,0.5,0,0,12
2,4,1,0,29,0.201190476,0.633333333,2,8,0.333333,0.333333,3,0.5,0.75,0,0,29
2,4,1,0,17,0.242857143,0.675,3,8,0.5,0.5,3,0.5,0.75,0,0,17
2,4,1,0,23,0.242857143,0.716666667,3,8,0.5,0.666667,3,0.5,0.75,0,0,23
1,5,2,1,6,0.236240602,0.453383459,2,5,0.297619,0.440476,4,0.666666667,0.8,0,0,5
1,5,2,1,6,0.269573935,0.486716792,2,5,0.380952,0.52381,4,0.666666667,0.8,0,0,5
1,5,2,1,6,0.302907268,0.520050125,3,5,0.464286,0.607143,4,0.666666667,0.8,0,0,5
1,5,2,1,7,0.302907268,0.553383459,3,5,0.464286,0.690476,4,0.666666667,0.8,0,0,5.5
1,3,2,0,6,0.1865079,0.7222222,2,7,0.142857,1,1,0.125,0.333333333,0,1,6
1,4,1,1,6,0.445833333,0.875,7,7,1,1,2,1,0.25,0,0,6
2,3,1,0,5,0.197619048,0.733333333,1,5,0.2,0.2,1,0.25,0.666666667,0,0,5
2,4,1,0,11,0.272159091,0.272159091,4,4,0.1625,0.1625,5,1,0.25,0,0,9.5
2,4,1,0,23,0.322159091,0.322159091,4,4,0.2625,0.2625,5,1,0.25,0,0,15.5
2,4,1,0,11,0.372159091,0.372159091,4,4,0.3625,0.3625,5,1,0.25,0,0,9.5
1,4,1,1,93,0.322159091,0.422159091,4,4,0.2625,0.4625,5,1,0.25,0,0,50.5
1,4,1,1,161,0.272159091,0.472159091,4,4,0.1625,0.5625,5,1,0.25,0,0,84.5
2,4,1,0,20,0.281186869,0.281186869,4,4,0.180556,0.180556,3,0.333333333,0.25,0,0,14
2,4,1,0,26,0.308964646,0.308964646,4,4,0.236111,0.236111,3,0.333333333,0.25,0,0,17
2,4,1,0,14,0.336742424,0.336742424,4,4,0.291667,0.291667,3,0.333333333,0.25,0,0,11
1,4,1,1,12,0.281186869,0.503409091,4,9,0.180556,0.625,3,0.333333333,0.25,0,0,10
2,4,1,0,15,0.409659091,0.409659091,4,4,0.4375,0.4375,2,1,0.25,0,0,11.5
2,4,1,0,15,0.409659091,0.534659091,4,4,0.4375,0.6875,2,1,0.25,0,0,11.5
2,3,1,0,8,0.254545455,0.557575758,4,4,0.181818,0.636364,1,1,0.666666667,1,0,5
2,3,2,0,13,0.263458111,0.263458111,3,3,0.272727,0.272727,2,0.2,0.666666667,0,0,13
2,3,2,0,17,0.293761141,0.293761141,4,4,0.363636,0.363636,2,0.2,0.666666667,0,0,17
1,4,1,0,27,0.244196429,0.55,2,5,0.242857,0.242857,3,1,0.75,0,0,14.5
1,4,1,0,31,0.294196429,0.6,2,5,0.342857,0.342857,3,1,0.75,0,0,16.5
2,4,1,0,10,0.344196429,0.65,2,5,0.442857,0.442857,3,1,0.75,0,0,6
2,4,2,1,4,0.306565657,0.473232323,3,3,0.6,0.6,1,0.2,0.5,0,0,4
1,3,1,0,5,0.1172509,0.6559715,2,9,0.111111,1,1,0.111111,0.333333333,0,0,5
2,4,1,0,12,0.21577381,0.43452381,3,6,0.142857,0.142857,4,0.571428571,0.75,0,0,12
2,4,1,0,12,0.251488095,0.470238095,3,6,0.285714,0.285714,4,0.571428571,0.75,0,0,12
2,4,1,0,24,0.287202381,0.505952381,3,6,0.428571,0.428571,4,0.571428571,0.75,0,0,24
2,4,1,0,34,0.297452547,0.524725275,4,5,0.142857,0.142857,4,0.571428571,0.75,0,0,34
2,4,1,0,36,0.333166833,0.56043956,4,5,0.285714,0.285714,4,0.571428571,0.75,0,0,36
2,4,1,0,37,0.368881119,0.596153846,4,5,0.428571,0.428571,4,0.571428571,0.75,0,0,37
2,4,1,0,8,0.404595405,0.631868132,4,5,0.571429,0.571429,4,0.571428571,0.75,0,0,8
2,3,1,0,9,0.2888889,0.5666667,5,13,0.2,0.2,5,1,0.66666,0,1,9
2,3,1,0,25,0.3555556,0.6333333,5,13,0.4,0.4,5,1,0.66666,0,1,25
2,3,1,0,14,0.4222222,0.7,5,13,0.6,0.6,5,1,0.66666,0,1,14
2,3,1,0,18,0.3555556,0.7666667,5,13,0.4,0.8,5,1,0.66666,0,1,18
2,3,1,0,10,0.2888889,0.8333333,5,13,0.2,1,5,1,0.66666,0,1,10
1,5,1,2,2,0.497261905,0.497261905,14,29,0.33,0.33,1,0.33,0.25,1,0,3
1,5,1,2,5,0.830952381,0.314880952,14,29,0.33,1.00,1,0.33,0.50,1,0,3
1,5,1,2,9,0.697619048,0.314880952,14,29,0.33,0.33,3,1.50,0.50,1,0,5
1,4,2,0,35,0.5350877,0.7434211,8,8,0.736842,0.736842,1,1,0.33333,1,1,22.5
1,4,1,2,26,0.3640873,0.5863095,5,5,0.428571,0.428571,4,0.571429,0.5,1,1,26
1,4,1,2,24,0.3998016,0.6220238,5,5,0.571429,0.571429,4,0.571429,0.5,1,1,24
1,4,1,2,9,0.3640873,0.6577381,5,6,0.428571,0.714286,4,0.571429,0.5,1,1,9
1,4,1,2,11,0.328373,0.6934524,5,7,0.285714,0.857143,4,0.571429,0.5,1,1,11
1,3,2,0,7,0.2852002,0.5074224,7,13,0.368421,0.368421,2,0.105263,0.66666,0,0,7
1,4,2,0,25,0.246078431,0.546078431,2,2,0.22549,0.22549,2,0.666666667,0.5,0,0,14.5
1,4,2,0,26,0.329411765,0.629411765,2,2,0.392157,0.392157,2,0.666666667,0.5,0,0,15
1,4,2,0,12,0.458333333,0.833333333,1,1,1,1,2,1,0.5,0,0,12
1,3,2,0,4,0.2416667,0.8,5,5,0.4,0.4,1,0.1,0.666666667,0,0,4
2,4,1,0,12,0.248232323,0.670454545,4,9,0.181818,0.181818,3,0.272727273,0.5,0,0,12
2,4,1,0,9,0.270959596,0.693181818,4,9,0.272727,0.272727,3,0.272727273,0.5,0,0,9
2,4,1,0,12,0.293686869,0.715909091,4,9,0.363636,0.363636,3,0.272727273,0.5,0,0,12
2,4,1,0,46,0.317361111,0.736111111,4,4,0.5,0.5,1,0.5,0.75,0,0,46
2,3,0,0,11,0.412087912,0.661172161,5,13,0.5,0.5,3,0.333333333,0.666666667,0,0,11
2,3,0,0,11,0.412087912,0.702838828,5,13,0.5,0.625,3,0.333333333,0.666666667,0,0,11
2,4,1,0,9,0.296583851,0.542119565,4,5,0.5,0.5,2,1,0.75,0,0,9
2,4,1,0,9,0.296583851,0.667119565,4,5,0.5,1,2,1,0.75,0,0,9
1,4,2,0,5,0.283455882,0.314705882,3,3,0.2,0.2,2,0.4,0.75,0,0,5
1,4,2,0,7,0.383455882,0.414705882,3,3,0.6,0.6,2,0.4,0.75,0,0,7
1,4,2,1,24,0.295955882,0.327205882,3,9,0.3125,0.3125,1,0.111111111,0.5,1,0,14.5
2,3,1,0,8,0.1369048,0.8095238,5,13,0.285714,0.285714,2,0.13333,0.66666,0,0,8
2,3,1,0,28,0.1607143,0.8333333,6,13,0.357143,0.357143,2,0.13333,0.66666,0,0,28
1,3,1,0,6,0.158974359,0.733333333,2,9,0.2,0.2,1,0.111111111,0.666666667,0,0,6
1,4,2,0,11,0.321020075,0.321020075,8,8,0.08,0.08,12,1.00,1.00,0,0,11
1,4,2,0,20,0.446020075,0.425186741,8,8,0.50,0.58,12,1.00,1.00,0,0,20
1,4,2,0,10,0.425186741,0.425186741,8,8,0.50,0.50,12,1.00,1.00,0,0,10
1,4,2,0,21,0.404353408,0.404353408,8,8,0.42,0.42,12,1.00,1.00,0,0,21
2,4,2,1,27,0.265659341,0.465659341,2,2,0.5,0.5,2,1,0.5,0,0,27
2,4,2,1,37,0.265659341,0.590659341,2,2,0.5,1,2,1,0.5,0,0,37
1,4,1,0,43,0.36751443,0.36751443,4,5,0.333333,0.333333,2,0.666666667,0.75,0,0,43
2,4,1,0,29,0.450847763,0.450847763,4,5,0.666667,0.666667,2,0.666666667,0.75,0,0,29
2,4,1,0,10,0.286869748,0.486869748,2,2,0.25,0.25,4,1,0.75,0,0,10
2,4,1,0,8,0.349369748,0.549369748,2,2,0.5,0.5,4,1,0.75,0,0,8
2,4,1,0,8,0.349369748,0.611869748,2,3,0.5,0.75,4,1,0.75,0,0,8
2,4,1,0,22,0.354166667,0.395833333,5,5,0.166667,0.166667,2,0.666666667,0.75,0,0,22
2,4,1,0,14,0.395833333,0.4375,5,5,0.333333,0.333333,2,0.666666667,0.75,0,0,14
1,6,1,2,7,0.2126984,0.4888889,5,7,0.2,0.2,3,0.5,0.33333,0,0,7
1,6,1,2,7,0.2404762,0.5166667,5,7,0.2,0.2,3,0.5,0.33333,0,0,7
1,6,1,2,7,0.2404762,0.6,5,7,0.2,0.2,3,0.5,0.33333,0,0,7
2,4,1,0,15,0.3333333,0.6458333,5,9,0.5,0.5,2,1,0.75,0,0,15
2,4,1,0,17,0.4027778,0.6423611,5,9,0.5,0.5,2,1,0.75,0,0,17
2,4,1,0,28,0.4027778,0.7673611,5,9,0.5,1,2,1,0.75,0,0,28
2,4,1,0,8,0.163995726,0.37232906,12,12,0.233974,0.233974,9,0.692307692,0.5,0,0,7.5
1,4,1,0,14,0.268162393,0.476495726,12,12,0.442308,0.442308,9,0.692307692,0.5,0,0,10.5
2,4,1,0,27,0.24732906,0.518162393,12,12,0.400641,0.525641,9,0.692307692,0.5,0,0,17
2,4,1,0,27,0.226495726,0.538995726,12,12,0.358974,0.567308,9,0.692307692,0.5,0,0,17
1,4,1,0,11,0.205662393,0.55982906,12,12,0.317308,0.608974,9,0.692307692,0.5,0,0,9
1,4,1,0,11,0.18482906,0.580662393,12,12,0.275641,0.650641,9,0.692307692,0.5,0,0,9
1,4,1,1,3,0.467361111,0.221527778,3,12,0.13,0.13,3,0.38,0.67,1,0,3
1,3,1,0,1,0.462962963,0.407407407,5,5,0.50,0.50,1,0.13,1.00,1,0,2
1,2,1,0,27,0.270833333,0.270833333,344,0.17,0.17,1,0.17,1.00,1,0,3
1,5,1,2,2,0.497261905,0.497261905,14,25,0.33,0.33,1,0.33,0.25,1,0,2
2,5,1,0,11,0.2670274,0.3241703,5,5,0.170455,0.170455,9,0.642857,0.8,0,0,7.5
2,5,1,0,11,0.2852092,0.3423521,5,5,0.215909,0.215909,9,0.642857,0.8,0,0,7.5
2,5,1,0,20,0.3033911,0.4696248,5,7,0.261364,0.534091,9,0.642857,0.8,0,0,12
2,5,1,0,23,0.3215729,0.3787157,5,5,0.306818,0.306818,9,0.642857,0.8,0,0,13.5
2,5,1,0,19,0.2670274,0.5059885,5,9,0.170455,0.625,9,0.642857,0.8,0,0,11.5
2,3,1,0,12,0.201587302,0.777777778,4,13,0.333333,0.333333,2,0.222222222,0.666666667,0,0,12
2,3,1,0,8,0.238624339,0.814814815,3,13,0.444444,0.444444,1,0.333333333,0.666666667,0,0,8
1,5,1,1,11,0.282142857,0.56547619,3,7,0.309524,0.309524,3,1,0.6,0,0,7.5
1,5,1,1,11,0.348809524,0.632142857,3,7,0.47619,0.47619,3,1,0.6,0,0,7.5
1,5,1,1,11,0.282142857,0.698809524,3,7,0.309524,0.642857,3,1,0.6,0,0,7.5
1,5,1,1,11,0.310714286,0.727380952,3,7,0.380952,0.714286,3,1,0.6,0,0,7.5
1,4,1,0,37,0.305059524,0.730654762,3,7,0.428571,0.714286,4,0.571428571,0.75,0,0,37
1,5,1,1,32,0.358333333,0.791666667,1,7,0.5625,0.5625,1,0.25,0.6,1,0,18
1,3,1,0,5,0.267755991,0.581481481,5,6,0.444444,0.444444,1,0.125,0.666666667,0,0,5
1,7,1,2,26,0.519364564,0.349296537,14,29,0.50,0.50,7,0.88,0.50,0,0,11
1,7,1,2,27,0.55507885,0.331439394,14,29,0.38,0.75,7,0.88,0.50,0,0,11.33333333
1,8,1,2,26,0.590793135,0.295725108,14,29,0.13,1.00,7,0.98,0.45,0,0,10
1,8,1,2,26,0.501507421,0.331439394,14,29,0.38,0.38,7,0.98,0.45,0,0,10
1,8,1,2,26,0.537221707,0.349296537,14,29,0.50,0.63,7,0.98,0.45,0,0,10
1,8,1,2,26,0.483650278,0.313582251,14,29,0.25,0.25,7,0.98,0.45,0,0,10
1,8,1,2,26,0.572935993,0.313582251,14,29,0.25,0.88,7,0.98,0.45,0,0,10
1,8,1,3,26,0.532568994,0.32125947,14,29,0.50,1.00,1,0.50,0.43,0,0,9
1,4,1,0,6,0.583130411,0.285511364,14,29,0.45,0.45,8,0.73,1.00,0,0,7
1,4,1,1,2,0.667410714,0.328125,14,29,0.50,0.67,1,0.17,0.67,1,0,2
1,4,1,1,2,0.584077381,0.584077381,14,29,0.33,0.33,6,0.50,0.67,1,0,3
1,5,1,2,2,0.645238095,0.407142857,14,29,0.64,0.64,1.00,1.00,0.25,1,0,5
1,5,1,2,2,0.673809524,0.492857143,14,29,0.71,0.86,1.00,1.00,0.25,1,0,9
2,4,1,1,9,0.4866071,0.71875,5,11,1,1,1,1,0.5,0,0,9
2,4,1,0,13,0.3027778,0.725,5,15,0.4,0.4,3,0.27272727,0.5,0,0,13
2,4,1,0,9,0.3277778,0.75,5,15,0.5,0.5,3,0.27272727,0.5,0,0,9
2,4,1,0,11,0.3277778,0.775,5,15,0.5,0.6,3,0.27272727,0.5,0,0,11
2,4,0,0,8,0.245261438,0.680555556,2,9,0.5,0.5,3,0.75,0.5,0,0,8
2,4,0,0,7,0.245261438,0.680555556,2,9,0.5,0.5,3,0.75,0.5,0,0,7
2,4,0,0,12,0.245261438,0.743055556,2,9,0.5,0.75,3,0.75,0.5,0,0,12
1,3,0,2,3,0.296296296,0.296296296,1,1,0.25,0.25,4,1,0,0,0,3
1,3,0,2,2,0.37962963,0.37962963,2,2,0.5,0.5,4,1,0,0,0,2
1,3,0,2,4,0.37962963,0.462962963,2,3,0.5,0.75,4,1,0,0,0,4
1,3,0,2,2,0.296296296,0.546296296,1,4,0.25,1,4,1,0,0,0,2
1,4,3,0,4,0.491477273,0.277191558,3,10,0.09,0.09,10,0.91,1.00,0,0,2
1,4,3,0,2,0.605113636,0.390827922,6,11,0.55,0.55,10,0.91,1.00,0,0,2
1,4,3,0,2,0.673295455,0.322646104,3,12,0.27,0.82,10,0.91,1.00,0,0,2
1,4,3,0,3,0.627840909,0.368100649,5,8,0.45,0.64,10,0.91,1.00,0,0,3
2,4,1,0,4,0.356547619,0.585714286,2,2,1,1,1,1,0.75,0,0,4
2,3,1,0,10,0.2888889,0.5666667,4,5,0.2,0.2,4,0.8,0.66666,0,1,10
2,3,1,0,9,0.3555556,0.6333333,4,5,0.4,0.4,4,0.8,0.66666,0,1,9
2,3,1,0,9,0.3555556,0.7666667,4,5,0.4,0.8,4,0.8,0.66666,0,1,9
2,3,1,0,9,0.2888889,0.8333333,4,5,0.2,1,4,0.8,0.66666,0,1,9
2,4,1,0,10,0.2019481,0.2474026,6,6,0.1,0.1,8,0.8,0.75,0,0,10
2,4,1,0,11,0.2269481,0.2724026,6,6,0.2,0.2,8,0.8,0.75,0,0,11
2,4,1,0,14,0.2519481,0.2974026,6,6,0.3,0.3,8,0.8,0.75,0,0,14
2,4,1,0,11,0.2769481,0.3224026,6,6,0.4,0.4,8,0.8,0.75,0,0,11
2,4,1,0,12,0.3019481,0.3474026,6,7,0.5,0.5,8,0.8,0.75,0,0,12
2,4,1,0,8,0.3019481,0.3724026,6,8,0.5,0.6,8,0.8,0.75,0,0,8
2,4,1,0,8,0.2769481,0.3974026,6,9,0.4,0.7,8,0.8,0.75,0,0,8
2,4,1,0,6,0.2519481,0.4224026,6,10,0.3,0.8,8,0.8,0.75,0,0,6
1,5,3,2,10,0.3316017,0.5030303,7,7,0.545455,0.545455,3,0.3,0.2,1,1,10
1,4,2,0,12,0.1460363,0.5768398,1,16,0.333333,0.333333,3,1,0.5,0,0,12
1,4,2,0,13,0.2293696,0.6601732,2,16,0.666667,0.666667,3,1,0.5,0,0,13
1,3,1,1,3,0.766666667,0.633333333,2,4,0.50,0.50,1,0.25,0.00,1,0,3
1,3,1,0,5,0.923076923,0.1995338,4,11,0.31,0.77,1,0.08,3.00,0,0,5
1,3,1,0,1,0.462962963,0.407407407,4,4,0.50,0.50,1,0.13,1.00,1,0,2